Results comparing files datasets/custom_dataset/4dim.train.test_labels.txt and tmp/4dim.predictions 

accuracy: 0.5886524822695035 
f1_score: 0.5888892516611949 
